image_width: 640
image_height: 480
camera_name: narrow_stereo
camera_matrix:
  rows: 3
  cols: 3
  data: [641.63384,   0.     , 326.71192,
           0.     , 851.57133, 229.44764,
           0.     ,   0.     ,   1.     ]
distortion_model: plumb_bob
distortion_coefficients:
  rows: 1
  cols: 5
  data: [0.166539, -0.311174, -0.002341, 0.002031, 0.000000]
rectification_matrix:
  rows: 3
  cols: 3
  data: [1., 0., 0.,
         0., 1., 0.,
         0., 0., 1.]
projection_matrix:
  rows: 3
  cols: 4
  data: [655.42633,   0.     , 327.22939,   0.     ,
           0.     , 869.86243, 228.02706,   0.     ,
           0.     ,   0.     ,   1.     ,   0.     ]
