# oST version 5.0 parameters


[image]

width
640

height
480

[narrow_stereo]

camera matrix
641.633845 0.000000 326.711917
0.000000 851.571328 229.447642
0.000000 0.000000 1.000000

distortion
0.166539 -0.311174 -0.002341 0.002031 0.000000

rectification
1.000000 0.000000 0.000000
0.000000 1.000000 0.000000
0.000000 0.000000 1.000000

projection
655.426331 0.000000 327.229386 0.000000
0.000000 869.862427 228.027064 0.000000
0.000000 0.000000 1.000000 0.000000
